0 0.43125 0.4366666666666667 0.0925 0.12000000000000001
0 0.5437500000000001 0.44583333333333336 0.0925 0.12166666666666667
0 0.64375 0.44833333333333336 0.09 0.12333333333333334
0 0.374375 0.5666666666666667 0.10125 0.14
0 0.48562500000000003 0.5575 0.09625 0.13833333333333334
0 0.6431250000000001 0.5866666666666667 0.08875 0.11333333333333334
0 0.56125 0.6516666666666667 0.0975 0.13
0 0.645 0.7250000000000001 0.09 0.12000000000000001
0 0.34750000000000003 0.7116666666666667 0.1 0.15000000000000002
0 0.45375 0.7058333333333334 0.0975 0.135
0 0.56375 0.8166666666666668 0.1 0.13
0 0.46625 0.8558333333333333 0.1 0.13833333333333334
0 0.435625 0.9641666666666667 0.10625 0.07166666666666667
0 0.5387500000000001 0.9458333333333334 0.105 0.10833333333333334
0 0.645 0.9458333333333334 0.105 0.10833333333333334
