2 0.42 0.43750000000000006 0.105 0.13166666666666668
2 0.5387500000000001 0.4516666666666667 0.095 0.13333333333333333
2 0.64875 0.4633333333333334 0.0975 0.12666666666666668
2 0.37125 0.5625 0.10250000000000001 0.14833333333333334
2 0.48125 0.5541666666666667 0.09 0.12166666666666667
2 0.5750000000000001 0.5750000000000001 0.0975 0.13
2 0.6475 0.6766666666666667 0.0925 0.13333333333333333
2 0.464375 0.7041666666666667 0.10375000000000001 0.125
2 0.563125 0.7408333333333333 0.09375 0.125
2 0.6525 0.8200000000000001 0.0975 0.13333333333333333
2 0.3975 0.8233333333333334 0.1 0.15000000000000002
2 0.561875 0.8908333333333334 0.09625 0.125
2 0.4625 0.935 0.1 0.13
2 0.6481250000000001 0.9558333333333334 0.09625 0.08833333333333333
