2 0.36 0.4425 0.1 0.125
2 0.54875 0.4441666666666667 0.08750000000000001 0.11833333333333335
2 0.6425 0.44583333333333336 0.09 0.10500000000000001
2 0.45625 0.51 0.095 0.12333333333333334
2 0.6175 0.505 0.1 0.12000000000000001
2 0.545625 0.5866666666666667 0.09375 0.11333333333333334
2 0.646875 0.5891666666666667 0.09125 0.115
2 0.48375 0.6941666666666667 0.0975 0.125
2 0.599375 0.7050000000000001 0.09625 0.12000000000000001
2 0.43125 0.8300000000000001 0.1075 0.13
2 0.544375 0.8300000000000001 0.09625 0.13
2 0.6481250000000001 0.8358333333333334 0.10125 0.14166666666666666
2 0.544375 0.9558333333333334 0.11125 0.08833333333333333
2 0.655 0.9575 0.1075 0.085
