0 0.440625 0.4416666666666667 0.09625 0.12333333333333334
0 0.545625 0.4466666666666667 0.09125 0.12000000000000001
0 0.6425 0.4575 0.09 0.12833333333333335
0 0.44 0.5808333333333334 0.1 0.13166666666666668
0 0.54625 0.5833333333333334 0.0975 0.12666666666666668
0 0.6481250000000001 0.6116666666666667 0.09625 0.12666666666666668
0 0.49875 0.7041666666666667 0.10250000000000001 0.11166666666666668
0 0.646875 0.7525000000000001 0.10125 0.13166666666666668
0 0.555625 0.8233333333333334 0.09875 0.14
0 0.6475 0.8975000000000001 0.115 0.14500000000000002
0 0.584375 0.9633333333333334 0.11375 0.07333333333333333
0 0.480625 0.9291666666666667 0.10125 0.14166666666666666
