1 0.576875 0.42333333333333334 0.04125 0.060000000000000005
1 0.665625 0.43000000000000005 0.04625 0.06333333333333334
1 0.6225 0.4625 0.0425 0.05166666666666667
1 0.6637500000000001 0.49083333333333334 0.04 0.05166666666666667
1 0.62125 0.5241666666666667 0.0425 0.055
1 0.665625 0.5608333333333334 0.04625 0.065
1 0.62375 0.5908333333333333 0.0475 0.065
1 0.66625 0.6233333333333334 0.0475 0.05666666666666667
1 0.64875 0.6858333333333334 0.0475 0.058333333333333334
1 0.6175 0.7425 0.05 0.065
1 0.6637500000000001 0.7508333333333334 0.05 0.06166666666666667
1 0.618125 0.8108333333333334 0.051250000000000004 0.07500000000000001
1 0.6675 0.8208333333333334 0.05 0.06166666666666667
1 0.666875 0.8908333333333334 0.05625 0.06833333333333334
1 0.6687500000000001 0.9633333333333334 0.06 0.07333333333333333
