0 0.470625 0.445 0.09625 0.12333333333333334
0 0.4375 0.5750000000000001 0.11 0.1366666666666667
0 0.56 0.5066666666666667 0.0975 0.14
0 0.65125 0.4625 0.0925 0.135
0 0.649375 0.5916666666666667 0.10375000000000001 0.13
0 0.531875 0.65 0.10375000000000001 0.1366666666666667
0 0.619375 0.7233333333333334 0.10625 0.12666666666666668
0 0.53 0.7966666666666667 0.105 0.14
0 0.65375 0.8566666666666667 0.1125 0.13
0 0.556875 0.9366666666666668 0.10375000000000001 0.12666666666666668
0 0.651875 0.9600000000000001 0.09375 0.08
