1 0.566875 0.41833333333333333 0.051250000000000004 0.060000000000000005
1 0.6175 0.4241666666666667 0.0475 0.065
1 0.615625 0.49000000000000005 0.04625 0.060000000000000005
1 0.61625 0.5583333333333333 0.05 0.06666666666666667
1 0.61875 0.6291666666666667 0.0525 0.06166666666666667
1 0.6168750000000001 0.6933333333333334 0.051250000000000004 0.060000000000000005
1 0.66625 0.42583333333333334 0.045 0.06166666666666667
1 0.6637500000000001 0.49250000000000005 0.0525 0.058333333333333334
1 0.666875 0.5558333333333334 0.043750000000000004 0.058333333333333334
1 0.669375 0.6258333333333334 0.04625 0.055
1 0.669375 0.6933333333333334 0.04625 0.06666666666666667
1 0.665625 0.76 0.05375 0.06666666666666667
1 0.66625 0.8316666666666667 0.055 0.06666666666666667
1 0.66625 0.9125000000000001 0.06 0.07500000000000001
1 0.665625 0.9758333333333334 0.05375 0.04833333333333334
