1 0.61875 0.4266666666666667 0.05 0.06666666666666667
1 0.66625 0.42583333333333334 0.0475 0.06833333333333334
1 0.666875 0.49000000000000005 0.04875 0.060000000000000005
1 0.624375 0.5258333333333334 0.04625 0.06166666666666667
1 0.6675 0.5650000000000001 0.0475 0.05666666666666667
1 0.6225 0.5958333333333333 0.045 0.06166666666666667
1 0.668125 0.63 0.04625 0.06333333333333334
1 0.666875 0.6958333333333334 0.04875 0.065
1 0.666875 0.765 0.051250000000000004 0.07
1 0.668125 0.8375 0.05625 0.06833333333333334
