1 0.620625 0.43000000000000005 0.043750000000000004 0.060000000000000005
1 0.666875 0.43250000000000005 0.051250000000000004 0.06833333333333334
1 0.619375 0.4916666666666667 0.04875 0.06333333333333334
1 0.67125 0.4966666666666667 0.05 0.06333333333333334
1 0.6675 0.56 0.05 0.06333333333333334
1 0.6675 0.6258333333333334 0.05 0.06833333333333334
1 0.669375 0.6950000000000001 0.05375 0.06333333333333334
1 0.6687500000000001 0.7633333333333334 0.0575 0.07
1 0.6687500000000001 0.8358333333333334 0.0575 0.06833333333333334
1 0.6687500000000001 0.905 0.0575 0.07
