2 0.434375 0.4425 0.09875 0.12166666666666667
2 0.5387500000000001 0.4425 0.085 0.11833333333333335
2 0.64375 0.48250000000000004 0.0925 0.12833333333333335
2 0.568125 0.5675 0.09875 0.12833333333333335
2 0.46625 0.6016666666666667 0.10250000000000001 0.1366666666666667
2 0.40125 0.7200000000000001 0.095 0.12333333333333334
2 0.64625 0.6366666666666667 0.0925 0.13
2 0.55875 0.7083333333333334 0.0975 0.13
2 0.64875 0.7841666666666667 0.1 0.115
2 0.55625 0.8533333333333334 0.09 0.11666666666666667
2 0.455625 0.8550000000000001 0.10375000000000001 0.14333333333333334
2 0.65125 0.9325000000000001 0.10250000000000001 0.135
2 0.54875 0.9633333333333334 0.10250000000000001 0.07333333333333333
2 0.43875000000000003 0.9658333333333334 0.1 0.06833333333333334
