2 0.478125 0.45 0.09625 0.1366666666666667
2 0.64375 0.4566666666666667 0.09 0.12000000000000001
2 0.56125 0.5216666666666667 0.0975 0.13
2 0.3825 0.5033333333333334 0.105 0.14333333333333334
2 0.450625 0.5991666666666667 0.09375 0.13833333333333334
2 0.545625 0.66 0.09875 0.13333333333333333
2 0.640625 0.6758333333333334 0.09625 0.135
2 0.4475 0.7425 0.1075 0.14500000000000002
2 0.5437500000000001 0.8075000000000001 0.0975 0.13833333333333334
2 0.64375 0.8300000000000001 0.1 0.14333333333333334
2 0.365 0.8350000000000001 0.10250000000000001 0.14666666666666667
2 0.46375 0.8958333333333334 0.1075 0.14166666666666666
2 0.5437500000000001 0.9566666666666668 0.0925 0.08666666666666667
2 0.640625 0.9516666666666668 0.10375000000000001 0.09666666666666668
